0 ひとつ [48 38 35]
1 ふたつ [51 31 35]
2 えん [ 8 77]
3 かね [11 43]
4 これ [19 74]
5 すいようび [25  4 70  6 49]
6 あれ [ 2 74]
7 さき [21 13]
8 ようか [70  6 11]
9 そば [29 46]
10 こっち [19 34 33]
11 みぎ [61 14]
12 あげる [ 2 18 73]
13 ここ [19 19]
14 とても [38 36 64]
15 なな [40 40]
16 て [36]
17 おなか [10 40 11]
18 すく [25 15]
19 ついたち [35  4 31 33]
20 にちようび [41 33 70  6 49]
21 ななつ [40 40 35]
22 どれ [39 74]
23 わたし [76 31 23]
24 すき [25 13]
25 ゲーム [18 78 62]
26 ひとり [48 38 72]
27 ともだち [38 64 32 33]
28 かえる [11  8 73]
29 げんき [18 77 13]
30 てんき [36 77 13]
31 すくない [25 15 40  4]
32 はれる [45 74 73]
33 うえ [6 8]
34 ドア [39  2]
35 ひらく [48 71 15]
36 くち [15 33]
37 しめる [23 63 73]
38 じかん [24 11 77]
39 むいか [62  4 11]
40 うしろ [ 6 23 75]
41 とおか [38 10 11]
42 ごぜん [20 28 77]
43 こんばん [19 77 46 77]
44 どようび [39 70  6 49]
45 きんようび [13 77 70  6 49]
46 つき [35 13]
47 よる [70 73]
48 たべる [31 55 73]
49 なに [40 41]
50 ばん [46 77]
51 ごはん [20 45 77]
52 みっつ [61 34 35]
53 ひる [48 73]
54 みつかる [61 35 11 73]
55 それ [29 74]
56 おとこ [10 38 19]
57 こんしゅう [19 77 23 67  6]
58 こう [19  6]
59 あう [2 6]
60 げつようび [18 35 70  6 49]
61 きのう [13 44  6]
62 やすむ [66 25 62]
63 きょう [13 69  6]
64 もくようび [64 15 70  6 49]
65 ばあい [46  2  4]
66 つける [35 17 73]
67 えき [ 8 13]
68 やめる [66 63 73]
69 あるく [ 2 73 15]
70 ちかく [33 11 15]
71 もっと [64 34 38]
72 ちかい [33 11  4]
73 ちかく [33 11 15]
74 ぜんぶ [28 77 52]
75 くに [15 41]
76 かんじ [11 77 24]
77 あかい [ 2 11  4]
78 どちら [39 33 71]
79 こめ [19 63]
80 まずい [60 26  4]
81 ない [40  4]
82 つくる [35 15 73]
83 つかう [35 11  6]
84 けす [17 25]
85 しまる [23 60 73]
86 まえ [60  8]
87 みせ [61 27]
88 へや [54 66]
89 なつ [40 35]
90 あつい [ 2 35  4]
91 あつい [ 2 35  4]
92 ふゆ [51 68]
93 はいる [45  4 73]
94 さむい [21 62  4]
95 はる [45 73]
96 あたたかい [ 2 31 31 11  4]
97 みつける [61 35 17 73]
98 テーブル [36 78 52 73]
99 ふるい [51 73  4]
100 わるい [76 73  4]
101 おもう [10 64  6]
102 そう [29  6]
103 どう [39  6]
104 かんがえる [11 77 12  8 73]
105 きめる [13 63 73]
106 たかい [31 11  4]
107 おおい [10 10  4]
108 ごご [20 20]
109 おもい [10 64  4]
110 ここのか [19 19 44 11]
111 まつ [60 35]
112 ふつか [51 35 11]
113 もつ [64 35]
114 あさ [ 2 21]
115 せんせい [27 77 27  4]
116 でんしゃ [37 77 23 65]
117 し [23]
118 とおい [38 10  4]
119 なまえ [40 60  8]
120 だいがく [32  4 12 15]
121 べんきょう [55 77 13 69  6]
122 つよい [35 70  4]
123 よわい [70 76  4]
124 ひく [48 15]
125 しつもん [23 35 64 77]
126 むずかしい [62 26 11 23  4]
127 とる [38 73]
128 かず [11 26]
129 に [41]
130 よん [70 77]
131 はち [45 33]
132 かつ [11 35]
133 まける [60 17 73]
134 ほんとうに [57 77 38  6 41]
135 ほか [57 11]
136 とけい [38 17  4]
137 やっつ [66 34 35]
138 はらう [45 71  6]
139 せん [27 77]
140 よっか [70 34 11]
141 かう [11  6]
142 じゅう [24 67  6]
143 いる [ 4 73]
144 わすれる [76 25 74 73]
145 のる [44 73]
146 きる [13 73]
147 そこ [29 19]
148 つぎ [35 14]
149 しゅう [23 67  6]
150 うごく [ 6 20 15]
151 でる [37 73]
152 はやい [45 66  4]
153 とき [38 13]
154 おそい [10 29  4]
155 はじめる [45 24 63 73]
156 がっこう [12 34 19  6]
157 いち [ 4 33]
158 とし [38 23]
159 はじまる [45 24 60 73]
160 ミーティング [61 78 36  3 77 16]
161 おわり [10 76 72]
162 きょねん [13 69 43 77]
163 きる [13 73]
164 みっか [61 34 11]
165 みる [61 73]
166 たのしむ [31 44 23 62]
167 のみもの [44 61 64 44]
168 あと [ 2 38]
169 みせる [61 27 73]
170 いろ [ 4 75]
171 すぐ [25 16]
172 かきなおす [11 13 40 10 25]
173 なおる [40 10 73]
174 みち [61 33]
175 せん [27 77]
176 まがる [60 12 73]
177 ひだり [48 32 72]
178 ようび [70  6 49]
179 ことし [19 38 23]
180 ご [20]
181 いく [ 4 15]
182 としょかん [38 23 69 11 77]
183 まだ [60 32]
184 ところ [38 19 75]
185 とまる [38 60 73]
186 うち [ 6 33]
187 やすい [66 25  4]
188 ふく [51 15]
189 あける [ 2 17 73]
190 おとうさん [10 38  6 21 77]
191 ちち [33 33]
192 はなす [45 40 25]
193 はは [45 45]
194 はたらく [45 31 71 15]
195 あね [ 2 43]
196 だいがくせい [32  4 12 15 27  4]
197 おねえさん [10 43  8 21 77]
198 じょうず [24 69  6 26]
199 いもうと [ 4 64  6 38]
200 おにいさん [10 41  4 21 77]
201 くるま [15 73 60]
202 こうこうせい [19  6 19  6 27  4]
203 むすめ [62 25 63]
204 ここのつ [19 19 44 35]
205 むすこ [62 25 19]
206 むっつ [62 34 35]
207 おんな [10 77 40]
208 あたらしい [ 2 31 71 23  4]
209 いま [ 4 60]
210 もう [64  6]
211 がくせい [12 15 27  4]
212 よく [70 15]
213 かのじょ [11 44 24 69]
214 きく [13 15]
215 わかい [76 11  4]
216 かなり [11 40 72]
217 すむ [25 62]
218 たつ [31 35]
219 きもち [13 64 33]
220 ひろい [48 75  4]
221 はしる [45 23 73]
222 うる [ 6 73]
223 おしえる [10 23  8 73]
224 おくる [10 15 73]
225 かく [11 15]
226 もらう [64 71  6]
227 あし [ 2 23]
228 できる [37 13 73]
229 みじかい [61 24 11  4]
230 いつも [ 4 35 64]
231 よむ [70 62]
232 いつ [ 4 35]
233 はやい [45 66  4]
234 みみ [61 61]
235 あげる [ 2 18 73]
236 たのしい [31 44 23  4]
237 しゃべる [23 65 55 73]
238 さん [21 77]
239 くる [15 73]
240 いい [4 4]
241 ほう [57  6]
242 め [63]
243 ろく [75 15]
244 あき [ 2 13]
245 けっこん [17 34 19 77]
246 にち [41 33]
247 じてんしゃ [24 36 77 23 65]
248 じぶん [24 52 77]
249 ごしゅじん [20 23 67 24 77]
250 おわる [10 76 73]
251 かようび [11 70  6 49]
252 ちがう [33 12  6]
253 こたえる [19 31  8 73]
254 べつ [55 35]
255 なる [40 73]
256 ため [31 63]
257 しろい [23 75  4]
258 とじる [38 24 73]
259 だす [32 25]
260 しごと [23 20 38]
261 こんげつ [19 77 18 35]
262 すこし [25 19 23]
263 さけ [21 17]
264 のむ [44 62]
265 おとな [10 38 40]
266 みず [61 26]
267 いっぱい [ 4 34 47  4]
268 き [13]
269 わかる [76 11 73]
270 あそぶ [ 2 29 52]
271 ひこうき [48 19  6 13]
272 おねがい [10 43 12  4]
273 つづく [35 26 15]
274 くび [15 49]
275 あたま [ 2 31 60]
276 いたい [ 4 31  4]
277 さがす [21 12 25]
278 おてあらい [10 36  2 71  4]
279 つめたい [35 63 31  4]
280 きたない [13 31 40  4]
281 ふとい [51 38  4]
282 きゅう [13 67  6]
283 おとうと [10 38  6 38]
284 かみ [11 61]
285 たてる [31 36 73]
286 おおきい [10 10 13  4]
287 おなじ [10 40 24]
288 どこ [39 19]
289 おく [10 15]
290 あそこ [ 2 29 19]
291 へん [54 77]
292 きいろい [13  4 75  4]
293 する [25 73]
294 やる [66 73]
295 いっしょに [ 4 34 23 69 41]
296 らいねん [71  4 43 77]
297 みどり [61 39 72]
298 やさしい [66 21 23  4]
299 りゅうがくせい [72 67  6 12 15 27  4]
300 もどる [64 39 73]
301 おきる [10 13 73]
302 おこる [10 19 73]
303 おこす [10 19 25]
304 おきる [10 13 73]
305 ねる [43 73]
306 たぶん [31 52 77]
307 すわる [25 76 73]
308 ほん [57 77]
309 ほそい [57 29  4]
310 にっき [41 34 13]
311 ときどき [38 13 39 13]
312 しめる [23 63 73]
313 あまい [ 2 60  4]
314 からい [11 71  4]
315 かえる [11  8 73]
316 きまる [13 60 73]
317 やさしい [66 21 23  4]
318 ひと [48 38]
319 おっと [10 34 38]
320 しる [23 73]
321 だれ [32 74]
322 おや [10 66]
323 あいする [ 2  4 25 73]
324 くれる [15 74 73]
325 はつか [45 35 11]
326 つま [35 60]
327 いつか [ 4 35 11]
328 どうして [39  6 23 36]
329 みえる [61  8 73]
330 あに [ 2 41]
331 すっぱい [25 34 47  4]
332 ちいさい [33  4 21  4]
333 ことば [19 38 46]
334 おいしい [10  4 23  4]
335 よぶ [70 52]
336 むね [62 43]
337 こし [19 23]
338 のせる [44 27 73]
339 ひくい [48 15  4]
340 いちばん [ 4 33 46 77]
341 せ [27]
342 えん [ 8 77]
343 おぼえる [10 58  8 73]
344 かたかな [11 31 11 40]
345 ひらがな [48 71 12 40]
346 かなしい [11 40 23  4]
347 うつくしい [ 6 35 15 23  4]
348 たべもの [31 55 64 44]
349 いう [4 6]
350 かれ [11 74]
351 じゅぎょう [24 67 14 69  6]
352 おかあさん [10 11  2 21 77]
353 てつだう [36 35 32  6]
354 とぶ [38 52]
355 うたう [ 6 31  6]
356 しぬ [23 42]
357 だいすき [32  4 25 13]
358 こども [19 39 64]
359 せまい [27 60  4]
360 さわる [21 76 73]
361 きらい [13 71  4]
362 なのか [40 44 11]
363 ある [ 2 73]
364 あびる [ 2 49 73]
365 いきる [ 4 13 73]
366 ながい [40 12  4]
367 かみのけ [11 61 44 17]
368 はな [45 40]
369 うで [ 6 37]
370 よっつ [70 34 35]
371 みんな [61 77 40]
372 わらう [76 71  6]
373 かみ [11 61]
374 した [23 31]
375 いれる [ 4 74 73]
376 よう [70  6]
377 かける [11 17 73]
378 かた [11 31]
379 ぼく [58 15]
380 くもる [15 64 73]
381 だめ [32 63]
382 のぼる [44 58 73]
383 おちる [10 33 73]
384 からだ [11 71 32]
385 だいじょうぶ [32  4 24 69  6 52]
386 びょうき [49 69  6 13]
387 ひゃく [48 65 15]
388 かぜ [11 28]
389 いつつ [ 4 35 35]
390 かお [11 10]
391 かるい [11 73  4]
392 ちゃいろ [33 65  4 75]
393 ほしい [57 23  4]
394 まん [60 77]
395 きれい [13 74  4]
396 かわく [11 76 15]
397 うれしい [ 6 74 23  4]
398 かんじる [11 77 24 73]
399 なる [40 73]
400 りんご [72 77 20]
401 ほとんど [57 38 77 39]
402 じゅうぶん [24 67  6 52 77]
403 ぶん [52 77]
404 スポーツ [25 59 78 35]
405 いままで [ 4 60 60 37]
406 ごみ [20 61]
407 なぜ [40 28]
408 いつでも [ 4 35 37 64]
409 バス [46 25]
410 ピクニック [50 15 41 34 15]
411 あちら [ 2 33 71]
412 しょうねん [23 69  6 43 77]
413 きつい [13 35  4]
414 キャッシュカード [13 65 34 23 67 11 78 39]
415 あんなに [ 2 77 40 41]
416 カップ [11 34 53]
417 ノック [44 34 15]
418 クリーニング [15 72 78 41 77 16]
419 あなた [ 2 40 31]
420 ようこそ [70  6 19 29]
421 しばらく [23 46 71 15]
422 でぐち [37 16 33]
423 だいぶ [32  4 52]
424 ハンカチ [45 77 11 33]
425 せんしゅう [27 77 23 67  6]
426 おとこのこ [10 38 19 44 19]
427 おしゃれ [10 23 65 74]
428 カレーライス [11 74 78 71  4 25]
429 いたずら [ 4 31 26 71]
430 いし [ 4 23]
431 はやし [45 66 23]
432 ぶどう [52 39  6]
433 オレンジ [10 74 77 24]
434 トマト [38 60 38]
435 アナウンサー [ 2 40  6 77 21 78]
436 ボーイフレンド [58 78  4 51 74 77 39]
437 ぺこぺこ [56 19 56 19]
438 シャープペンシル [23 65 78 53 56 77 23 73]
439 てんぷら [36 77 53 71]
440 キャンプ [13 65 77 53]
441 いえ [4 8]
442 くうき [15  6 13]
443 にんき [41 77 13]
444 やま [66 60]
445 あおい [ 2 10  4]
446 はれ [45 74]
447 また [60 31]
448 ハイキング [45  4 13 77 16]
449 くらい [15 71  4]
450 ひがし [48 12 23]
451 きた [13 31]
452 むこう [62 19  6]
453 むく [62 15]
454 いりぐち [ 4 72 16 33]
455 パーティー [47 78 36  3 78]
456 ページ [56 78 24]
457 ノート [44 78 38]
458 ふすま [51 25 60]
459 スーツ [25 78 35]
460 はじめ [45 24 63]
461 あさって [ 2 21 34 36]
462 はんとし [45 77 38 23]
463 はんつき [45 77 35 13]
464 カーテン [11 78 36 77]
465 まいあさ [60  4  2 21]
466 サンドイッチ [21 77 39  4 34 33]
467 こんや [19 77 66]
468 ピンポン [50 77 59 77]
469 クリスマス [15 72 25 60 25]
470 バナナ [46 40 40]
471 バター [46 31 78]
472 サラダ [21 71 32]
473 ラーメン [71 78 63 77]
474 うどん [ 6 39 77]
475 スプーン [25 53 78 77]
476 そば [29 46]
477 ごちそうする [20 33 29  6 25 73]
478 ゆうしょく [68  6 23 69 15]
479 ワイン [76  4 77]
480 コーヒー [19 78 48 78]
481 パン [47 77]
482 ハンバーガー [45 77 46 78 12 78]
483 おかず [10 11 26]
484 たりる [31 72 73]
485 ラケット [71 17 34 38]
486 インク [ 4 77 15]
487 テレビ [36 74 49]
488 さいしょ [21  4 23 69]
489 はっきり [45 34 13 72]
490 ニュース [41 67 78 25]
491 きゅうじつ [13 67  6 24 35]
492 ドラマ [39 71 60]
493 パスポート [47 25 59 78 38]
494 はなみ [45 40 61]
495 いいかた [ 4  4 11 31]
496 ゆっくり [68 34 15 72]
497 テキスト [36 13 25 38]
498 かたる [11 31 73]
499 こ [19]
500 えいご [ 8  4 20]
501 みぎて [61 14 36]
502 じ [24]
503 さめる [21 63 73]
504 さます [21 60 25]
505 いずれ [ 4 26 74]
506 おじさん [10 24 21 77]
507 はなしあう [45 40 23  2  6]
508 おこなう [10 19 40  6]
509 むかう [62 11  6]
510 あした [ 2 23 31]
511 しかた [23 11 31]
512 やすみ [66 25 61]
513 かえり [11  8 72]
514 だいじ [32  4 24]
515 はんにち [45 77 41 33]
516 まま [60 60]
517 でんわ [37 77 76]
518 でんき [37 77 13]
519 よなか [70 40 11]
520 あく [ 2 15]
521 ホーム [57 78 62]
522 のぼり [44 58 72]
523 えきいん [ 8 13  4 77]
524 いっぽう [ 4 34 59  6]
525 とおり [38 10 72]
526 かよう [11 70  6]
527 ゼロ [28 75]
528 くるま [15 73 60]
529 とおる [38 10 73]
530 どうろ [39  6 75]
531 ちず [33 26]
532 なお [40 10]
533 つもり [35 64 72]
534 とめる [38 63 73]
535 とまる [38 60 73]
536 やむ [66 62]
537 もり [64 72]
538 ほどう [57 39  6]
539 かわ [11 76]
540 こんど [19 77 39]
541 そんなに [29 77 40 41]
542 ガソリンスタンド [12 29 72 77 25 31 77 39]
543 しゃちょう [23 65 33 69  6]
544 ながさ [40 12 21]
545 うみ [ 6 61]
546 まったく [60 34 31 15]
547 しち [23 33]
548 じんこう [24 77 19  6]
549 おく [10 15]
550 くろ [15 75]
551 ミルク [61 73 15]
552 ぎんこう [14 77 19  6]
553 ぎゅうにく [14 67  6 41 15]
554 グラム [16 71 62]
555 さかな [21 11 40]
556 やさい [66 21  4]
557 ほんや [57 77 66]
558 やおや [66 10 66]
559 そっち [29 34 33]
560 そばや [29 46 66]
561 たばこや [31 46 19 66]
562 つく [35 15]
563 ちゃ [33 65]
564 おちゃ [10 33 65]
565 ちゃわん [33 65 76 77]
566 しゅうまつ [23 67  6 60 35]
567 レストラン [74 25 38 71 77]
568 むり [62 72]
569 なくなる [40 15 40 73]
570 さくぶん [21 15 52 77]
571 ジャム [24 65 62]
572 ジャガイモ [24 65 12  4 64]
573 ストーブ [25 38 78 52]
574 こうつうひ [19  6 35  6 48]
575 ひ [48]
576 うりば [ 6 72 46]
577 サービス [21 78 49 25]
578 なんど [40 77 39]
579 しょうひん [23 69  6 48 77]
580 あがる [ 2 12 73]
581 ビル [49 73]
582 エスカレーター [ 8 25 11 74 78 31 78]
583 かいだん [11  4 32 77]
584 おりる [10 72 73]
585 ねだん [43 32 77]
586 ちょうど [33 69  6 39]
587 かかく [11 11 15]
588 さいご [21  4 20]
589 うれる [ 6 74 73]
590 なつやすみ [40 35 66 25 61]
591 プール [53 78 73]
592 ひ [48]
593 スキー [25 13 78]
594 しき [23 13]
595 クーラー [15 78 71 78]
596 アイス [ 2  4 25]
597 そと [29 38]
598 ねつ [43 35]
599 さがる [21 12 73]
600 ウール [ 6 78 73]
601 あたためる [ 2 31 31 63 73]
602 あたたまる [ 2 31 31 60 73]
603 たっする [31 34 25 73]
604 おんど [10 77 39]
605 きおん [13 10 77]
606 たいふう [31  4 51  6]
607 じじょう [24 24 69  6]
608 コンピューター [19 77 50 67 78 31 78]
609 コート [19 78 38]
610 しんねん [23 77 43 77]
611 てら [36 71]
612 カセットテープ [11 27 34 38 36 78 53]
613 だい [32  4]
614 すこしも [25 19 23 64]
615 あんしん [ 2 77 23 77]
616 ハンドバッグ [45 77 39 46 34 16]
617 ライター [71  4 31 78]
618 かんがえ [11 77 12  8]
619 かいけつ [11  4 17 35]
620 つまり [35 60 72]
621 おんなのこ [10 77 40 44 19]
622 かのう [11 44  6]
623 ふべん [51 55 77]
624 ゆうびんやさん [68  6 49 77 66 21 77]
625 あっち [ 2 34 33]
626 かじ [11 24]
627 こうばん [19  6 46 77]
628 ばんごう [46 77 20  6]
629 きんじょ [13 77 24 69]
630 じゅうしょ [24 67  6 23 69]
631 ぶらぶら [52 71 52 71]
632 べんじょ [55 77 24 69]
633 ボールペン [58 78 73 56 77]
634 みょうじ [61 69  6 24]
635 ろーまじ [75 78 60 24]
636 しめい [23 63  4]
637 がいじん [12  4 24 77]
638 みなみ [61 40 61]
639 はじめて [45 24 63 36]
640 すいどう [25  4 39  6]
641 とし [38 23]
642 つごう [35 20  6]
643 あさごはん [ 2 21 20 45 77]
644 しんぱい [23 77 47  4]
645 みおくり [61 10 15 72]
646 コース [19 78 25]
647 メモ [63 64]
648 とれる [38 74 73]
649 ティッシュ [36  3 34 23 67]
650 いつごろ [ 4 35 20 75]
651 かきとる [11 13 38 73]
652 なかなか [40 11 40 11]
653 ゆうびん [68  6 49 77]
654 そのまま [29 44 60 60]
655 もつ [64 35]
656 バッグ [46 34 16]
657 マッチ [60 34 33]
658 ビデオテープ [49 37 10 36 78 53]
659 もっていく [64 34 36  4 15]
660 もってくる [64 34 36 15 73]
661 ソファー [29 51  1 78]
662 なげる [40 18 73]
663 じょせい [24 69 27  4]
664 せいさん [27  4 21 77]
665 ゆうめい [68  6 63  4]
666 せいと [27  4 38]
667 グループ [16 73 78 53]
668 らいげつ [71  4 18 35]
669 けんがく [17 77 12 15]
670 つうがく [35  6 12 15]
671 ビザ [49 22]
672 か [11]
673 しょうがっこう [23 69  6 12 34 19  6]
674 クラス [15 71 25]
675 こうちょう [19  6 33 69  6]
676 きゅうこう [13 67  6 19  6]
677 わすれもの [76 25 74 64 44]
678 ばしょ [46 23 69]
679 よみかた [70 61 11 31]
680 そだつ [29 32 35]
681 ソフト [29 51 38]
682 かぜ [11 28]
683 ウィスキー [ 6  3 25 13 78]
684 とりひき [38 72 48 13]
685 ボタン [58 31 77]
686 おさえる [10 21  8 73]
687 ピアノ [50  2 44]
688 なれる [40 74 73]
689 しゅうかん [23 67  6 11 77]
690 なん [40 77]
691 もんだい [64 77 32  4]
692 さいきん [21  4 13 77]
693 しゃかい [23 65 11  4]
694 ぶぶん [52 52 77]
695 これら [19 74 71]
696 かんたん [11 77 31 77]
697 ふくざつ [51 15 22 35]
698 にんげん [41 77 18 77]
699 がいこくご [12  4 19 15 20]
700 かぞえる [11 30  8 73]
701 まわす [60 76 25]
702 たんとう [31 77 38  6]
703 ほんとう [57 77 38  6]
704 ほうほう [57  6 57  6]
705 ほうりつ [57  6 72 35]
706 けいけん [17  4 17 77]
707 たつ [31 35]
708 けいざい [17  4 22  4]
709 こうぎょう [19  6 14 69  6]
710 べんり [55 77 72]
711 せいぞう [27  4 30  6]
712 ひつよう [48 35 70  6]
713 さぎょう [21 14 69  6]
714 きょうりょく [13 69  6 72 69 15]
715 シャツ [23 65 35]
716 おもさ [10 64 21]
717 わりざん [76 72 22 77]
718 のこる [44 19 73]
719 ペン [56 77]
720 かしだす [11 23 32 25]
721 けしごむ [17 23 20 62]
722 こむ・こむ [19 62]
723 きたい [13 31  4]
724 きかん [13 11 77]
725 じき [24 13]
726 かぎる [11 14 73]
727 いそぐ [ 4 29 16]
728 きゅうに [13 67  6 41]
729 きゅうこう [13 67  6 19  6]
730 おもいだす [10 64  4 32 25]
731 きれる [13 74 73]
732 ゆうびんきょく [68  6 49 77 13 69 15]
733 ナイフ [40  4 51]
734 きって [13 34 36]
735 チーズ [33 78 26]
736 うりきれ [ 6 72 13 74]
737 きっぷ [13 34 53]
738 にゅうじょうけん [41 67  6 24 69  6 17 77]
739 やちん [66 33 77]
740 じだい [24 32  4]
741 ていきけん [36  4 13 17 77]
742 よてい [70 36  4]
743 てんきよほう [36 77 13 70 57  6]
744 カレンダー [11 74 77 32 78]
745 よしゅう [70 23 67  6]
746 く [15]
747 よやく [70 66 15]
748 チャンネル [33 65 77 43 73]
749 へんか [54 77 11]
750 きょうか [13 69  6 11]
751 ぶんか [52 77 11]
752 ふえる [51  8 73]
753 がいこくじん [12  4 19 15 24 77]
754 へる [54 73]
755 へらす [54 71 25]
756 あめ [ 2 63]
757 ゆき [68 13]
758 もし [64 23]
759 エレベーター [ 8 74 55 78 31 78]
760 きっと [13 34 38]
761 ざあざあ [22  2 22  2]
762 ホテル [57 36 73]
763 かならず [11 40 71 26]
764 ゆうがた [68  6 12 31]
765 コート [19 78 38]
766 パジャマ [47 24 65 60]
767 そちら [29 33 71]
768 レインコート [74  4 77 19 78 38]
769 うわぎ [ 6 76 14]
770 やくにたつ [66 15 41 31 35]
771 せき [27 13]
772 あく [ 2 15]
773 かえる [11  8 73]
774 ぜんこく [28 77 19 15]
775 おりる [10 72 73]
776 じなん [24 40 77]
777 じじょ [24 24 69]
778 かた [11 31]
779 はこぶ [45 19 52]
780 ウェーター [ 6  7 78 31 78]
781 うつ [ 6 35]
782 トラック [38 71 34 15]
783 どうぶつ [39  6 52 35]
784 はやく [45 66 15]
785 そくたつ [29 15 31 35]
786 かいし [11  4 23]
787 せいど [27  4 39]
788 かぶ [11 52]
789 テスト [36 25 38]
790 そろそろ [29 75 29 75]
791 しゃどう [23 65 39  6]
792 はじめに [45 24 63 41]
793 ほぼ [57 58]
794 やっと [66 34 38]
795 げんざい [18 77 22  4]
796 じっし [24 34 23]
797 じじつ [24 24 35]
798 つうか [35  6 11]
799 すぎる [25 14 73]
800 かこ [11 19]
801 はっせい [45 34 27  4]
802 しゅっぱつ [23 67 34 47 35]
803 はっしゃ [45 34 23 65]
804 くだり [15 32 72]
805 おもて [10 64 36]
806 ひょう [48 69  6]
807 てがみ [36 12 61]
808 ポスト [59 25 38]
809 へんじ [54 77 24]
810 さくひん [21 15 48 77]
811 ざっし [22 34 23]
812 ばいてん [46  4 36 77]
813 おと [10 38]
814 こうじ [19  6 24]
815 さげる [21 18 73]
816 びっくりする [49 34 15 72 25 73]
817 うるさい [ 6 73 21  4]
818 へん [54 77]
819 おと [10 38]
820 せいかつ [27  4 11 35]
821 おんがく [10 77 12 15]
822 だんだん [32 77 32 77]
823 くすり [15 25 72]
824 うた [ 6 31]
825 かしゅ [11 23 67]
826 へた [54 31]
827 ほしがる [57 23 12 73]
828 いちぶ [ 4 33 52]
829 え [8]
830 ひとりで [48 38 72 37]
831 はなし [45 40 23]
832 おもしろい [10 64 23 75  4]
833 ぜんぜん [28 77 28 77]
834 こんなに [19 77 40 41]
835 うつる [ 6 35 73]
836 しゃしん [23 65 23 77]
837 まんなか [60 77 40 11]
838 まっしろ [60 34 23 75]
839 まっくら [60 34 15 71]
840 まっくろ [60 34 15 75]
841 まっさお [60 34 21 10]
842 そら [29 71]
843 しなもの [23 40 64 44]
844 あお [ 2 10]
845 どっち [39 34 33]
846 しろ [23 75]
847 おおがた [10 10 12 31]
848 じゅうよう [24 67  6 70  6]
849 しゅるい [23 67 73  4]
850 なおす [40 10 25]
851 まっすぐ [60 34 25 16]
852 うりきれる [ 6 72 13 74 73]
853 さんかく [21 77 11 15]
854 しかく [23 11 15]
855 しかくい [23 11 15  4]
856 きょく [13 69 15]
857 まげる [60 18 73]
858 こうさてん [19  6 21 36 77]
859 かど [11 39]
860 よつかど [70 35 11 39]
861 まがりかど [60 12 72 11 39]
862 けいさん [17  4 21 77]
863 ねんど [43 77 39]
864 まちがい [60 33 12  4]
865 まちがえる [60 33 12  8 73]
866 まちがう [60 33 12  6]
867 せかい [27 11  4]
868 おおく [10 10 15]
869 まいとし [60  4 38 23]
870 フィルム [51  3 73 62]
871 おもいで [10 64  4 37]
872 おととし [10 38 38 23]
873 やっぱり [66 34 47 72]
874 りよう [72 70  6]
875 かえす [11  8 25]
876 がらがら [12 71 12 71]
877 りょかん [72 69 11 77]
878 とめる [38 63 73]
879 トランプ [38 71 77 53]
880 おばさん [10 46 21 77]
881 ドル [39 73]
882 ようふく [70  6 51 15]
883 きょうしつ [13 69  6 23 35]
884 としょしつ [38 23 69 23 35]
885 はんばい [45 77 46  4]
886 まど [60 39]
887 とち [38 33]
888 とどく [38 39 15]
889 ずっと [26 34 38]
890 うんてん [ 6 77 36 77]
891 サラリーマン [21 71 72 78 60 77]
892 ネクタイ [43 15 31  4]
893 ひげ [48 18]
894 あくび [ 2 15 49]
895 ふどうさんや [51 39  6 21 77 66]
896 がいこく [12  4 19 15]
897 かいもの [11  4 64 44]
898 だいどころ [32  4 39 19 75]
899 まいしゅう [60  4 23 67  6]
900 よみ [70 61]
901 スープ [25 78 53]
902 タイプライター [31  4 53 71  4 31 78]
903 レコード [74 19 78 39]
904 にている [41 36  4 73]
905 どんどん [39 77 39 77]
906 しんせつ [23 77 27 35]
907 てんいん [36 77  4 77]
908 かいわ [11  4 76]
909 ふしんせつ [51 23 77 27 35]
910 ひとびと [48 38 49 38]
911 かぞく [11 30 15]
912 ばんざい [46 77 22  4]
913 ちょうじょ [33 69  6 24 69]
914 ねえさん [43  8 21 77]
915 こうこう [19  6 19  6]
916 にゅうがく [41 67  6 12 15]
917 おしゃべり [10 23 65 55 72]
918 チョコレート [33 69 19 74 78 38]
919 はたち [45 31 33]
920 すうがく [25  6 12 15]
921 ゴルフ [20 73 51]
922 アルバイト [ 2 73 46  4 38]
923 バイク [46  4 15]
924 コーラ [19 78 71]
925 にかい [41 11  4]
926 にいさん [41  4 21 77]
927 アイスクリーム [ 2  4 25 15 72 78 62]
928 あんぜん [ 2 77 28 77]
929 ごうかく [20  6 11 15]
930 れんしゅう [74 77 23 67  6]
931 ピンク [50 77 15]
932 ひきざん [48 13 22 77]
933 たしざん [31 23 22 77]
934 ちゅうがく [33 67  6 12 15]
935 ちゅうがくせい [33 67  6 12 15 27  4]
936 ちゅうがっこう [33 67  6 12 34 19  6]
937 しょうがくせい [23 69  6 12 15 27  4]
938 きゃく [13 65 15]
939 はっぴょう [45 34 50 69  6]
940 わかもの [76 11 64 44]
941 きぎょう [13 14 69  6]
942 けいかく [17  4 11 15]
943 ロボット [75 58 34 38]
944 パソコン [47 29 19 77]
945 あきらか [ 2 13 71 11]
946 こうじょう [19  6 24 69  6]
947 だいひょう [32  4 48 69  6]
948 のうりょく [44  6 72 69 15]
949 うんどう [ 6 77 39  6]
950 ようきゅう [70  6 13 67  6]
951 じっこう [24 34 19  6]
952 まとめる [60 38 63 73]
953 のこす [44 19 25]
954 げんご [18 77 20]
955 きょういく [13 69  6  4 15]
956 どうよう [39  6 70  6]
957 とうじ [38  6 24]
958 かいがい [11  4 12  4]
959 えいが [ 8  4 12]
960 きこく [13 19 15]
961 おくれる [10 15 74 73]
962 うつる [ 6 35 73]
963 りょこう [72 69 19  6]
964 マンション [60 77 23 69 77]
965 そだてる [29 32 36 73]
966 あかるい [ 2 11 73  4]
967 かりる [11 72 73]
968 たてる [31 36 73]
969 アパート [ 2 47 78 38]
970 ちょうなん [33 69  6 40 77]
971 くろい [15 75  4]
972 うけとる [ 6 17 38 73]
973 わたす [76 31 25]
974 グラフ [16 71 51]
975 ラジオ [71 24 10]
976 きょうだい [13 69  6 32  4]
977 うんてんしゅ [ 6 77 36 77 23 67]
978 みおくる [61 10 15 73]
979 おかしい [10 11 23  4]
980 にもつ [41 64 35]
981 かす [11 25]
982 にんぎょう [41 77 14 69  6]
983 ぎん [14 77]
984 とどける [38 39 17 73]
985 かねもち [11 43 64 33]
986 ボール [58 78 73]
987 オートバイ [10 78 38 46  4]
988 ならう [40 71  6]
989 ひだりて [48 32 72 36]
990 きもの [13 64 44]
991 えいがかん [ 8  4 12 11 77]
992 スイッチ [25  4 34 33]
993 テニス [36 41 25]
994 おかしい [10 11 23  4]
995 まじめ [60 24 63]
996 もうしこむ [64  6 23 19 62]
997 バイオリン [46  4 10 72 77]
998 はいたつ [45  4 31 35]
999 アルバム [ 2 73 46 62]
1000 スカート [25 11 78 38]
1001 もの [64 44]
1002 このあいだ [19 44  2  4 32]
1003 ダンス [32 77 25]
1004 パチンコ [47 33 77 19]
1005 つまらない [35 60 71 40  4]
1006 かきかた [11 13 11 31]
1007 スチュワーデス [25 33 67 76 78 37 25]
1008 ワイシャツ [76  4 23 65 35]
1009 ブラウス [52 71  6 25]
1010 ステレオ [25 36 74 10]
1011 はやくち [45 66 15 33]
1012 いろいろ [ 4 75  4 75]
1013 おろす [10 75 25]
1014 にこにこ [41 19 41 19]
1015 アイロン [ 2  4 75 77]
1016 イヤリング [ 4 66 72 77 16]
1017 ガールフレンド [12 78 73 51 74 77 39]
1018 どきどき [39 13 39 13]
1019 おととい [10 38 38  4]
1020 ぺらぺら [56 71 56 71]
1021 エアメール [ 8  2 63 78 73]
1022 やけど [66 17 39]
1023 おとなしい [10 38 40 23  4]
1024 あがる [ 2 12 73]
1025 からて [11 71 36]
1026 きん [13 77]
1027 としうえ [38 23  6  8]
1028 ひるすぎ [48 73 25 14]
1029 けつごう [17 35 20  6]
1030 わたしたち [76 31 23 31 33]
1031 きょうかい [13 69  6 11  4]
1032 せんげつ [27 77 18 35]
1033 けっか [17 34 11]
1034 くだもの [15 32 64 44]
1035 かだい [11 32  4]
1036 か [11]
1037 ひょうげん [48 69  6 18 77]
1038 たちば [31 33 46]
1039 おもちゃ [10 64 33 65]
1040 のりもの [44 72 64 44]
1041 じしゅう [24 23 67  6]
1042 りゆう [72 68  6]
1043 じゆう [24 68  6]
1044 かわる [11 76 73]
1045 しんじる [23 77 24 73]
1046 しんごう [23 77 20  6]
1047 あか [ 2 11]
1048 たのむ [31 44 62]
1049 しみん [23 61 77]
1050 けってい [17 34 36  4]
1051 ほうこく [57  6 19 15]
1052 ぎいん [14  4 77]
1053 かいぎ [11  4 14]
1054 はつげん [45 35 18 77]
1055 しゅっせき [23 67 34 27 13]
1056 コピー [19 50 78]
1057 くばる [15 46 73]
1058 ひるまえ [48 73 60  8]
1059 かいはつ [11  4 45 35]
1060 たいりつ [31  4 72 35]
1061 みかた [61 11 31]
1062 はんたい [45 77 31  4]
1063 たいする [31  4 25 73]
1064 よく [70 15]
1065 うつす [ 6 35 25]
1066 こたえ [19 31  8]
1067 とくに [38 15 41]
1068 とっきゅう [38 34 13 67  6]
1069 とくべつ [38 15 55 35]
1070 べつべつ [55 35 55 35]
1071 わかれる [76 11 74 73]
1072 いっぱん [ 4 34 47 77]
1073 もくてき [64 15 36 13]
1074 さんぎょう [21 77 14 69  6]
1075 ふつう [51 35  6]
1076 ならぶ [40 71 52]
1077 ならべる [40 71 55 73]
1078 ごちそう [20 33 29  6]
1079 へいわ [54  4 76]
1080 びょういん [49 69  6  4 77]
1081 にゅういん [41 67  6  4 77]
1082 おいしゃさん [10  4 23 65 21 77]
1083 はぶらし [45 52 71 23]
1084 きょうかしょ [13 69  6 11 23 69]
1085 なくなる [40 15 40 73]
1086 ひるま [48 73 60]
1087 つかれる [35 11 74 73]
1088 ふらふら [51 71 51 71]
1089 きんえん [13 77  8 77]
1090 よっぱらい [70 34 47 71  4]
1091 よっぱらう [70 34 47 71  6]
1092 もう [64  6]
1093 コップ [19 34 53]
1094 あぶない [ 2 52 40  4]
1095 プラスチック [53 71 25 33 34 15]
1096 ちゅうもく [33 67  6 64 15]
1097 ちゅうもん [33 67  6 64 77]
1098 いみ [ 4 61]
1099 いけん [ 4 17 77]
1100 こじん [19 24 77]
1101 ちゅうい [33 67  6  4]
1102 ようい [70  6  4]
1103 わかれる [76 11 74 73]
1104 かくにん [11 15 41 77]
1105 きのう [13 44  6]
1106 ざいりょう [22  4 72 69  6]
1107 うごかす [ 6 20 11 25]
1108 もとづく [64 38 26 15]
1109 きほん [13 57 77]
1110 じゅんび [24 67 77 49]
1111 しせつ [23 27 35]
1112 せつめい [27 35 63  4]
1113 こうかい [19  6 11  4]
1114 こうえん [19  6  8 77]
1115 どうぶつえん [39  6 52 35  8 77]
1116 チケット [33 17 34 38]
1117 デート [37 78 38]
1118 ひるやすみ [48 73 66 25 61]
1119 まつり [60 35 72]
1120 こくさい [19 15 21  4]
1121 いじょう [ 4 24 69  6]
1122 ひこうじょう [48 19  6 24 69  6]
1123 ジェットき [24  7 34 38 13]
1124 こうくうびん [19  6 15  6 49 77]
1125 さいだい [21  4 32  4]
1126 せっけい [27 34 17  4]
1127 とおく [38 10 15]
1128 くだる [15 32 73]
1129 ふなびん [51 40 49 77]
1130 ふね [51 43]
1131 くうこう [15  6 19  6]
1132 みなと [61 40 38]
1133 しま [23 60]
1134 かんせい [11 77 27  4]
1135 ぜんたい [28 77 31  4]
1136 へいせい [54  4 27  4]
1137 せいこう [27  4 19  6]
1138 げんいん [18 77  4 77]
1139 とうし [38  6 23]
1140 いってい [ 4 34 36  4]
1141 こんご [19 77 20]
1142 ねがう [43 12  6]
1143 ちょくせつ [33 69 15 27 35]
1144 カード [11 78 39]
1145 よろしく [70 75 23 15]
1146 せいかく [27  4 11 15]
1147 ただしい [31 32 23  4]
1148 あそび [ 2 29 49]
1149 しょうじき [23 69  6 24 13]
1150 ことなる [19 38 40 73]
1151 つうじょう [35  6 24 69  6]
1152 ぎじゅつ [14 24 67 35]
1153 ひじょうに [48 24 69  6 41]
1154 きょうちょう [13 69  6 33 69  6]
1155 よい [70  4]
1156 きせつ [13 27 35]
1157 ちょうさ [33 69  6 21]
1158 ていきょう [36  4 13 69  6]
1159 ていあん [36  4  2 77]
1160 あんない [ 2 77 40  4]
1161 つれていく [35 74 36  4 15]
1162 つれてくる [35 74 36 15 73]
1163 つづける [35 26 17 73]
1164 さっき [21 34 13]
1165 らいしゅう [71  4 23 67  6]
1166 うごき [ 6 20 13]
1167 そうだん [29  6 32 77]
1168 いしゃ [ 4 23 65]
1169 きしゃ [13 23 65]
1170 まいばん [60  4 46 77]
1171 きろく [13 75 15]
1172 テープ [36 78 53]
1173 かんする [11 77 25 73]
1174 かんれん [11 77 74 77]
1175 じょうきょう [24 69  6 13 69  6]
1176 じょうたい [24 69  6 31  4]
1177 なおる [40 10 73]
1178 せいじ [27  4 24]
1179 せいふ [27  4 51]
1180 とう [38  6]
1181 せいさく [27  4 21 15]
1182 えらぶ [ 8 71 52]
1183 せんしゅ [27 77 23 67]
1184 かれら [11 74 71]
1185 サッカー [21 34 11 78]
1186 バスケットボール [46 25 17 34 38 58 78 73]
1187 せんきょ [27 77 13 69]
1188 こうほ [19  6 57]
1189 しゅしょう [23 67 23 69  6]
1190 しゅと [23 67 38]
1191 マフラー [60 51 71 78]
1192 あたる [ 2 31 73]
1193 けさ [17 21]
1194 まっか [60 34 11]
1195 タオル [31 10 73]
1196 かいかく [11  4 11 15]
1197 かわ [11 76]
1198 ばんぐみ [46 77 16 61]
1199 ろくおん [75 15 10 77]
1200 そしき [29 23 13]
1201 すすむ [25 25 62]
1202 かがく [11 12 15]
1203 しんがく [23 77 12 15]
1204 だいがくいん [32  4 12 15  4 77]
1205 かくだい [11 15 32  4]
1206 しらべる [23 71 55 73]
1207 せきにん [27 13 41 77]
1208 やめる [66 63 73]
1209 じしょ [24 23 69]
1210 かいしゃ [11  4 23 65]
1211 たいしかん [31  4 23 11 77]
1212 ちかてつ [33 11 36 35]
1213 つうきん [35  6 13 77]
1214 おじ [10 24]
1215 つとめる [35 38 63 73]
1216 じむしょ [24 62 23 69]
1217 じむしつ [24 62 23 35]
1218 じゅうらい [24 67  6 71  4]
1219 めいれい [63  4 74  4]
1220 いとこ [ 4 38 19]
1221 せいせき [27  4 27 13]
1222 まあまあ [60  2 60  2]
1223 じょうほう [24 69  6 57  6]
1224 あつめる [ 2 35 63 73]
1225 あつまる [ 2 35 60 73]
1226 かっこく [11 34 19 15]
1227 しょうがつ [23 69  6 12 35]
1228 さいよう [21  4 70  6]
1229 きゅうりょう [13 67  6 72 69  6]
1230 まいねん [60  4 43 77]
1231 そつぎょう [29 35 14 69  6]
1232 こうとうがっこう [19  6 38  6 12 34 19  6]
1233 うける [ 6 17 73]
1234 じどうしゃ [24 39  6 23 65]
1235 しゅうしょく [23 67  6 23 69 15]
1236 たいいん [31  4  4 77]
1237 けいやく [17  4 66 15]
1238 こうしょう [19  6 23 69  6]
1239 かんけい [11 77 17  4]
1240 スーパーマーケット [25 78 47 78 60 78 17 34 38]
1241 さんか [21 77 11]
1242 ぞうか [30  6 11]
1243 かこう [11 19  6]
1244 いかが [ 4 11 12]
1245 くらべる [15 71 55 73]
1246 ひょうか [48 69  6 11]
1247 たいしょう [31  4 23 69  6]
1248 しゅうり [23 67  6 72]
1249 のりかえる [44 72 11  8 73]
1250 トイレットペーパー [38  4 74 34 38 56 78 47 78]
1251 のりかえ [44 72 11  8]
1252 かえる [11  8 73]
1253 きがえる [13 12  8 73]
1254 そなえる [29 40  8 73]
1255 やぶる [66 52 73]
1256 やぶれる [66 52 74 73]
1257 きかい [13 11  4]
1258 カメラ [11 63 71]
1259 こわす [19 76 25]
1260 こわれる [19 76 74 73]
1261 りっぱ [72 34 47]
1262 かんり [11 77 72]
1263 じけん [24 17 77]
1264 たいほ [31  4 57]
1265 せんそう [27 77 29  6]
1266 すてる [25 36 73]
1267 スケート [25 17 78 38]
1268 ボート [58 78 38]
1269 でんち [37 77 33]
1270 ふかい [51 11  4]
1271 ふかさ [51 11 21]
1272 あさい [ 2 21  4]
1273 なにか [40 41 11]
1274 われる [76 74 73]
1275 およぐ [10 70 16]
1276 たくさん [31 15 21 77]
1277 はやる [45 66 73]
1278 まず [60 26]
1279 あらう [ 2 71  6]
1280 したぎ [23 31 14]
1281 せんめんじょ [27 77 63 77 24 69]
1282 あぶら [ 2 52 71]
1283 しずむ [23 26 62]
1284 ひさしぶり [48 21 23 52 72]
1285 こおり [19 10 72]
1286 ひえる [48  8 73]
1287 ひやす [48 66 25]
1288 さめる [21 63 73]
1289 こおる [19 10 73]
1290 こしょう [19 23 69  6]
1291 セーター [27 78 31 78]
1292 れいぞうこ [74  4 30  6 19]
1293 すずしい [25 26 23  4]
1294 ズボン [26 58 77]
1295 よごす [70 20 25]
1296 よごれる [70 20 74 73]
1297 けしき [17 23 13]
1298 えいきょう [ 8  4 13 69  6]
1299 ひかる [48 11 73]
1300 ふとる [51 38 73]
1301 ゆび [68 49]
1302 にし [41 23]
1303 ぎらぎら [14 71 14 71]
1304 そんざい [29 77 22  4]
1305 はっけん [45 34 17 77]
1306 きらきら [13 71 13 71]
1307 ほし [57 23]
1308 ゆうべ [68  6 55]
1309 まわる [60 76 73]
1310 うまい [ 6 60  4]
1311 やきゅう [66 13 67  6]
1312 あいだ [ 2  4 32]
1313 くも [15 64]
1314 くもり [15 64 72]
1315 さくねん [21 15 43 77]
1316 けんきゅう [17 77 13 67  6]
1317 じしん [24 23 77]
1318 ガス [12 25]
1319 ふるえる [51 73  8 73]
1320 ゆれる [68 74 73]
1321 ぐらぐら [16 71 16 71]
1322 じんじゃ [24 77 24 65]
1323 ひみつ [48 61 35]
1324 じょうけん [24 69  6 17 77]
1325 きそく [13 29 15]
1326 あつさ [ 2 35 21]
1327 さむさ [21 62 21]
1328 としより [38 23 70 72]
1329 せいき [27  4 13]
1330 けんせつ [17 77 27 35]
1331 ちゅうしん [33 67  6 23 77]
1332 たてもの [31 36 64 44]
1333 たつ [31 35]
1334 ばんち [46 77 33]
1335 こうせい [19  6 27  4]
1336 こうぞう [19  6 30  6]
1337 わたる [76 31 73]
1338 はし [45 23]
1339 ぶつかる [52 35 11 73]
1340 はしら [45 23 71]
1341 ひろさ [48 75 21]
1342 しんぶん [23 77 52 77]
1343 いち [ 4 33]
1344 りこん [72 19 77]
1345 システム [23 25 36 62]
1346 ばすてい [46 25 36  4]
1347 たいかい [31  4 11  4]
1348 しゅうへん [23 67  6 54 77]
1349 たんぼ [31 77 58]
1350 きこえる [13 19  8 73]
1351 きいろ [13  4 75]
1352 よこ [70 19]
1353 よこがき [70 19 12 13]
1354 だんかい [32 77 11  4]
1355 はんだん [45 77 32 77]
1356 きじゅん [13 24 67 77]
1357 ことわる [19 38 76 73]
1358 おうだんほどう [10  6 32 77 57 39  6]
1359 おおはば [10 10 45 46]
1360 ねんかん [43 77 11 77]
1361 おとずれる [10 38 26 74 73]
1362 たずねる [31 26 43 73]
1363 れいぼう [74  4 58  6]
1364 だんぼう [32 77 58  6]
1365 ぶんぼうぐ [52 77 58  6 16]
1366 メニュー [63 41 67 78]
1367 しょこく [23 69 19 15]
1368 たいさく [31  4 21 15]
1369 もちろん [64 33 75 77]
1370 しゅくだい [23 67 15 32  4]
1371 ランチ [71 77 33]
1372 ふやす [51 66 25]
1373 みどりいろ [61 39 72  4 75]
1374 まち [60 33]
1375 ぼうえき [58  6  8 13]
1376 ゆにゅう [68 41 67  6]
1377 ゆしゅつ [68 23 67 35]
1378 ゆびわ [68 49 76]
1379 たいせつ [31  4 27 35]
1380 おうふく [10  6 51 15]
1381 ふくしゅう [51 15 23 67  6]
1382 くりかえす [15 72 11  8 25]
1383 こくない [19 15 40  4]
1384 ひろがる [48 75 12 73]
1385 た [31]
1386 グラス [16 71 25]
1387 りゅうがく [72 67  6 12 15]
1388 ていりゅうじょ [36  4 72 67  6 24 69]
1389 かきとめ [11 13 38 63]
1390 しぜん [23 28 77]
1391 まもる [60 64 73]
1392 しぜん [23 28 77]
1393 やくそく [66 15 29 15]
1394 るす [73 25]
1395 しゅじん [23 67 24 77]
1396 じたく [24 31 15]
1397 おたく [10 31 15]
1398 たいへん [31  4 54 77]
1399 こうつうじこ [19  6 35  6 24 19]
1400 ベッド [55 34 39]
1401 ぐっすり [16 34 25 72]
1402 ひるね [48 73 43]
1403 じゅうたく [24 67  6 31 15]
1404 しずか [23 26 11]
1405 ひま [48 60]
1406 しゅみ [23 67 61]
1407 りょうほう [72 69  6 57  6]
1408 りょうがえ [72 69  6 12  8]
1409 かたみち [11 31 61 33]
1410 うちがわ [ 6 33 12 76]
1411 パトカー [47 38 11 78]
1412 むこうがわ [62 19  6 12 76]
1413 そとがわ [29 38 12 76]
1414 ひだりがわ [48 32 72 12 76]
1415 みぎがわ [61 14 12 76]
1416 うら [ 6 71]
1417 うらがえす [ 6 71 12  8 25]
1418 しゅうかんし [23 67  6 11 77 23]
1419 ちょうかん [33 69  6 11 77]
1420 ゆうかん [68  6 11 77]
1421 しょうせつ [23 69  6 27 35]
1422 くわしい [15 76 23  4]
1423 こまかい [19 60 11  4]
1424 みかん [61 11 77]
1425 こまか [19 60 11]
1426 つもる [35 64 73]
1427 やく [66 15]
1428 やくす [66 15 25]
1429 けんとう [17 77 38  6]
1430 プログラム [53 75 16 71 62]
1431 つける [35 17 73]
1432 ナイロン [40  4 75 77]
1433 こちら [19 33 71]
1434 うけつける [ 6 17 35 17 73]
1435 かたづける [11 31 26 17 73]
1436 うけつけ [ 6 17 35 17]
1437 ちかづく [33 11 26 15]
1438 リボン [72 58 77]
1439 かたづく [11 31 26 15]
1440 きをつける [13 10 35 17 73]
1441 きねんび [13 43 77 49]
1442 ざんねん [22 77 43 77]
1443 ゆき [68 13]
1444 ぐたいてき [16 31  4 36 13]
1445 たとえば [31 38  8 46]
1446 れいぶん [74  4 52 77]
1447 れい [74  4]
1448 あまる [ 2 60 73]
